%YAML:1.0
---
calibration_time: "11/03/22 21:02:09"
nr_of_frames: 6
image_width: 3648
image_height: 2736
board_width: 9
board_height: 6
square_size: 5.
fix_aspect_ratio: 1.
# flags: +fix_aspectRatio +fix_principal_point +zero_tangent_dist +fix_k4 +fix_k5
flags: 6158
fisheye_model: 0
camera_matrix: !!opencv-matrix
   rows: 3
   cols: 3
   dt: d
   data: [ 2.8125299882607928e+03, 0., 1.8235000000000000e+03, 0.,
       2.8125299882607928e+03, 1.3675000000000000e+03, 0., 0., 1. ]
distortion_coefficients: !!opencv-matrix
   rows: 5
   cols: 1
   dt: d
   data: [ 4.5645665323650574e-02, -9.4368813116504080e-02, 0., 0.,
       8.7550271042410616e-02 ]
avg_reprojection_error: 6.4068938030775768e-01
per_view_reprojection_errors: !!opencv-matrix
   rows: 6
   cols: 1
   dt: f
   data: [ 3.18784833e-01, 3.29894274e-01, 3.54378104e-01,
       6.28807724e-01, 8.04147065e-01, 1.04154110e+00 ]
# a set of 6-tuples (rotation vector + translation vector) for each view
extrinsic_parameters: !!opencv-matrix
   rows: 6
   cols: 6
   dt: d
   data: [ -1.9107922716410949e-01, 1.5987010300170923e-01,
       -2.2899238848960582e-01, -1.4482835883742885e+01,
       4.3722334320527541e+00, 1.3823419201919552e+02,
       -2.0940170151485690e-01, 1.7603059427849527e-01,
       -2.2395164745128063e-01, -1.3777440126074547e+01,
       2.9920660842084410e+00, 1.3651143430673534e+02,
       -2.1615696406060084e-01, 1.8361978256913306e-01,
       -2.2137037894774100e-01, -1.3847444607473749e+01,
       2.1213639723564564e+00, 1.3619786502653872e+02,
       -6.7669866956632713e-02, -3.3352452042099232e-02,
       -1.7862015689719479e-01, -5.0158850269040279e+01,
       -2.5550977571191005e+01, 1.1387474896637772e+02,
       -3.7676355854033984e-02, -7.2253745070823466e-02,
       -1.6967110318625858e-01, -5.1348533856573177e+01,
       -2.7316522460575509e+01, 1.1267942461131601e+02,
       1.7277435301349362e-04, -1.1756343118083645e-01,
       -2.5315866290259820e-01, -2.4151980248235763e+01,
       -9.0427915558459162e+00, 1.2004721979393391e+02 ]
image_points: !!opencv-matrix
   rows: 6
   cols: 54
   dt: "2f"
   data: [ 1.52900171e+03, 1.45632263e+03, 1.62613770e+03,
       1.43206396e+03, 1.72365076e+03, 1.40778992e+03, 1.82246838e+03,
       1.38330884e+03, 1.92209814e+03, 1.35849487e+03, 2.02274231e+03,
       1.33362915e+03, 2.12460791e+03, 1.30836182e+03, 2.22751172e+03,
       1.28273486e+03, 2.33153955e+03, 1.25692505e+03, 1.54817749e+03,
       1.55497827e+03, 1.64600171e+03, 1.53124280e+03, 1.74461829e+03,
       1.50709192e+03, 1.84416125e+03, 1.48282031e+03, 1.94474146e+03,
       1.45843579e+03, 2.04624109e+03, 1.43371655e+03, 2.14905933e+03,
       1.40875354e+03, 2.25280835e+03, 1.38359851e+03, 2.35798657e+03,
       1.35821326e+03, 1.56631042e+03, 1.65535840e+03, 1.66630615e+03,
       1.63168713e+03, 1.76561865e+03, 1.60804663e+03, 1.86624048e+03,
       1.58397302e+03, 1.96754651e+03, 1.55984326e+03, 2.07029614e+03,
       1.53552832e+03, 2.17393018e+03, 1.51090784e+03, 2.27892871e+03,
       1.48602539e+03, 2.38478418e+03, 1.46093494e+03, 1.58740308e+03,
       1.75737024e+03, 1.68679773e+03, 1.73424695e+03, 1.78725439e+03,
       1.71062561e+03, 1.88867737e+03, 1.68699377e+03, 1.99119055e+03,
       1.66318396e+03, 2.09465649e+03, 1.63919434e+03, 2.19942212e+03,
       1.61488086e+03, 2.30524146e+03, 1.59036841e+03, 2.41232080e+03,
       1.56556860e+03, 1.60738416e+03, 1.86125232e+03, 1.70782166e+03,
       1.83828223e+03, 1.80898560e+03, 1.81506714e+03, 1.91158728e+03,
       1.79173389e+03, 2.01505383e+03, 1.76825342e+03, 2.11963013e+03,
       1.74457617e+03, 2.22523169e+03, 1.72061536e+03, 2.33220435e+03,
       1.69637488e+03, 2.43993018e+03, 1.67190955e+03, 1.62782092e+03,
       1.96640344e+03, 1.72899719e+03, 1.94402502e+03, 1.83141882e+03,
       1.92119885e+03, 1.93471753e+03, 1.89822974e+03, 2.03937463e+03,
       1.87493494e+03, 2.14476807e+03, 1.85165271e+03, 2.25159595e+03,
       1.82795874e+03, 2.35927466e+03, 1.80408459e+03, 2.46826514e+03,
       1.77991760e+03, 1.53964001e+03, 1.42950732e+03, 1.63753064e+03,
       1.40513098e+03, 1.73628650e+03, 1.38061584e+03, 1.83624329e+03,
       1.35580347e+03, 1.93736084e+03, 1.33068872e+03, 2.03967676e+03,
       1.30536462e+03, 2.14349512e+03, 1.27938403e+03, 2.24861865e+03,
       1.25338672e+03, 2.35506177e+03, 1.22702710e+03, 1.55819824e+03,
       1.52906201e+03, 1.65683276e+03, 1.50505640e+03, 1.75677686e+03,
       1.48060156e+03, 1.85761536e+03, 1.45623315e+03, 1.95976099e+03,
       1.43144739e+03, 2.06314966e+03, 1.40647949e+03, 2.16793091e+03,
       1.38114661e+03, 2.27406104e+03, 1.35556067e+03, 2.38163159e+03,
       1.32968579e+03, 1.57544189e+03, 1.62999597e+03, 1.67670825e+03,
       1.60651257e+03, 1.77738403e+03, 1.58264587e+03, 1.87940588e+03,
       1.55841565e+03, 1.98255872e+03, 1.53410974e+03, 2.08700342e+03,
       1.50952625e+03, 2.19277881e+03, 1.48472363e+03, 2.30012134e+03,
       1.45939685e+03, 2.40863892e+03, 1.43392151e+03, 1.59629077e+03,
       1.73306128e+03, 1.69672913e+03, 1.70985803e+03, 1.79860010e+03,
       1.68637402e+03, 1.90150061e+03, 1.66268665e+03, 2.00574500e+03,
       1.63855420e+03, 2.11126440e+03, 1.61439575e+03, 2.21829272e+03,
       1.59017798e+03, 2.32655737e+03, 1.56538159e+03, 2.43626880e+03,
       1.54029077e+03, 1.61556567e+03, 1.83782703e+03, 1.71746912e+03,
       1.81498059e+03, 1.81995093e+03, 1.79197839e+03, 1.92423682e+03,
       1.76879004e+03, 2.02930725e+03, 1.74521008e+03, 2.13615283e+03,
       1.72144238e+03, 2.24415088e+03, 1.69745776e+03, 2.35364624e+03,
       1.67301331e+03, 2.46424438e+03, 1.64839539e+03, 1.63558887e+03,
       1.94443787e+03, 1.73805579e+03, 1.92216089e+03, 1.84189258e+03,
       1.89954041e+03, 1.94699744e+03, 1.87673877e+03, 2.05356689e+03,
       1.85360388e+03, 2.16112915e+03, 1.83017761e+03, 2.27044434e+03,
       1.80668481e+03, 2.38080103e+03, 1.78274512e+03, 2.49283618e+03,
       1.75851843e+03, 1.53727124e+03, 1.41171545e+03, 1.63543469e+03,
       1.38721753e+03, 1.73431348e+03, 1.36269824e+03, 1.83457153e+03,
       1.33786511e+03, 1.93610352e+03, 1.31264539e+03, 2.03880664e+03,
       1.28704285e+03, 2.14306274e+03, 1.26110999e+03, 2.24853271e+03,
       1.23512097e+03, 2.35562524e+03, 1.20852197e+03, 1.55553064e+03,
       1.51110571e+03, 1.65439392e+03, 1.48720483e+03, 1.75445105e+03,
       1.46283862e+03, 1.85565906e+03, 1.43848657e+03, 1.95809363e+03,
       1.41368408e+03, 2.06194189e+03, 1.38868860e+03, 2.16713721e+03,
       1.36322168e+03, 2.27369946e+03, 1.33738599e+03, 2.38194995e+03,
       1.31146057e+03, 1.57242627e+03, 1.61237256e+03, 1.67390466e+03,
       1.58892932e+03, 1.77470142e+03, 1.56506067e+03, 1.87708496e+03,
       1.54078931e+03, 1.98044214e+03, 1.51642517e+03, 2.08546411e+03,
       1.49189514e+03, 2.19162109e+03, 1.46698425e+03, 2.29946899e+03,
       1.44153833e+03, 2.40857202e+03, 1.41596509e+03, 1.59266626e+03,
       1.71569055e+03, 1.69353955e+03, 1.69253174e+03, 1.79557422e+03,
       1.66892834e+03, 1.89877454e+03, 1.64535205e+03, 2.00352161e+03,
       1.62118018e+03, 2.10909912e+03, 1.59698010e+03, 2.21677710e+03,
       1.57264612e+03, 2.32561816e+03, 1.54786719e+03, 2.43597241e+03,
       1.52254700e+03, 1.61164978e+03, 1.82068823e+03, 1.71376270e+03,
       1.79776086e+03, 1.81651575e+03, 1.77477319e+03, 1.92113806e+03,
       1.75151843e+03, 2.02648669e+03, 1.72788098e+03, 2.13383252e+03,
       1.70435022e+03, 2.24217993e+03, 1.68032104e+03, 2.35231372e+03,
       1.65585803e+03, 2.46353394e+03, 1.63117163e+03, 1.63118726e+03,
       1.92747009e+03, 1.73393042e+03, 1.90504163e+03, 1.83803894e+03,
       1.88251428e+03, 1.94348438e+03, 1.85984448e+03, 2.05044922e+03,
       1.83664697e+03, 2.15844727e+03, 1.81336145e+03, 2.26829346e+03,
       1.78986438e+03, 2.37919141e+03, 1.76587769e+03, 2.49192212e+03,
       1.74161084e+03, 5.76453369e+02, 7.33449585e+02, 7.01010620e+02,
       7.11395203e+02, 8.25022034e+02, 6.92117920e+02, 9.49006775e+02,
