<?xml version="1.0"?>
<opencv_storage>
<images>
D:\CLionProject\cv\IMG_20221028_210438_BURST001_COVER.jpg
D:\CLionProject\cv\IMG_20221028_210438_BURST002.jpg
D:\CLionProject\cv\IMG_20221028_210438_BURST003.jpg
D:\CLionProject\cv\IMG_20221028_210438_BURST004.jpg
D:\CLionProject\cv\IMG_20221028_210438_BURST005.jpg
D:\CLionProject\cv\IMG_20221028_210438_BURST006.jpg
D:\CLionProject\cv\IMG_20221028_210438_BURST007.jpg
D:\CLionProject\cv\IMG_20221028_210438_BURST008.jpg
D:\CLionProject\cv\IMG_20221028_210438_BURST009.jpg
D:\CLionProject\cv\IMG_20221028_210438_BURST010.jpg
D:\CLionProject\cv\IMG_20221028_210438_BURST011.jpg
D:\CLionProject\cv\IMG_20221028_210438_BURST012.jpg
D:\CLionProject\cv\IMG_20221028_210438_BURST013.jpg
D:\CLionProject\cv\IMG_20221028_210438_BURST014.jpg
D:\CLionProject\cv\IMG_20221028_210438_BURST015.jpg
D:\CLionProject\cv\IMG_20221028_210438_BURST016.jpg
D:\CLionProject\cv\IMG_20221028_210438_BURST017.jpg
D:\CLionProject\cv\IMG_20221028_210438_BURST018.jpg
D:\CLionProject\cv\IMG_20221028_210438_BURST019.jpg
D:\CLionProject\cv\IMG_20221028_210438_BURST022.jpg
D:\CLionProject\cv\IMG_20221028_210438_BURST023.jpg
</images>
</opencv_storage>